0 , 0 , 0 , 0 , 0 , 0 , 0 , 0 , 82
0 , 0 , 0 , 0 , 0 , 0 , 0 , 0 , 158
0 , 0 , 0 , 3 , 9 , -2 , -3 , -2 , 236
-3 , -4 , -6 , 18 , 1 , -5 , -2 , -3 , 310
-2 , 1 , -1 , -6 , -4 , -2 , -1 , -1 , 389
-1 , -3 , -4 , -10 , -3 , -2 , -1 , -2 , 464
-1 , -2 , -3 , -12 , -14 , -3 , -2 , -1 , 534
-6 , -50 , 48 , 24 , 29 , 7 , 1 , 0 , 619
-15 , 22 , 77 , 14 , -3 , -31 , 0 , -19 , 697
9 , 21 , 25 , -31 , -45 , -16 , 1 , 0 , 763
4 , 38 , 27 , 13 , 6 , 12 , 1 , 12 , 830
6 , 21 , 8 , -12 , -41 , -17 , -4 , -9 , 909
-1 , -1 , 14 , -7 , -7 , -7 , -3 , -6 , 990
2 , -15 , -14 , -12 , -2 , -3 , -4 , 10 , 1060
-7 , 1 , -2 , 8 , -32 , -3 , -2 , 7 , 1132
-9 , -5 , -3 , 0 , -33 , -24 , -11 , -23 , 1213
-16 , 0 , 14 , 38 , -32 , -43 , -20 , -103 , 1291
19 , 1 , 2 , 12 , -16 , -29 , 44 , 4 , 1367
-17 , -4 , 1 , 36 , 39 , -24 , -5 , -30 , 1442
26 , 8 , -4 , 0 , -17 , -2 , -14 , 89 , 1522
-20 , -13 , -1 , -12 , 4 , -51 , -9 , -17 , 1600
-6 , -14 , -18 , -13 , -7 , -13 , 3 , -8 , 1678
-7 , -6 , -3 , 2 , 2 , -6 , -3 , -11 , 1750
-6 , -2 , 3 , -10 , 12 , 8 , 1 , 2 , 1832
-6 , -7 , -9 , -15 , -6 , 0 , -1 , -1 , 1908
3 , -1 , -2 , 5 , 0 , -5 , 0 , -2 , 1978
2 , 26 , 6 , 2 , 0 , -2 , 0 , -2 , 2047
1 , -2 , -6 , 3 , 1 , 1 , 0 , -1 , 2126
-1 , -1 , 9 , 10 , 18 , 1 , -1 , 3 , 2208
8 , 10 , 6 , -3 , 11 , 6 , 17 , 23 , 2288
-14 , -52 , -25 , -5 , -17 , 0 , 6 , -9 , 2371
-16 , -14 , 0 , -2 , 1 , -4 , -7 , 6 , 2448
-3 , 4 , 2 , -1 , -5 , 0 , -1 , -11 , 2529
1 , 10 , 0 , 5 , 4 , -2 , 2 , -3 , 2610
2 , 12 , 5 , -3 , -3 , -1 , -2 , -1 , 2691
0 , -12 , -3 , -29 , -23 , -3 , -3 , -1 , 2770
-1 , -3 , -1 , 0 , 18 , 3 , 3 , 3 , 2852
-6 , -5 , -3 , 6 , 36 , 2 , 17 , -5 , 2934
0 , 1 , -7 , -32 , -3 , -17 , -13 , -2 , 3019
-2 , -3 , -6 , -56 , -51 , -1 , -6 , -4 , 3100
-2 , 0 , -3 , 30 , 48 , -5 , -9 , -3 , 3167
-3 , 1 , 5 , 6 , -14 , -16 , -3 , -4 , 3232
1 , 3 , 5 , 6 , 12 , 2 , 0 , 1 , 3304
5 , 3 , 11 , -5 , -25 , -24 , -13 , 1 , 3375
7 , 0 , -14 , -25 , -3 , 6 , 24 , 21 , 3450
-26 , -23 , -43 , -22 , 0 , 17 , -64 , -43 , 3531
-8 , -8 , -11 , -11 , -1 , -14 , -10 , -12 , 3610
-2 , -1 , -2 , 4 , -1 , -8 , -4 , -1 , 3690
1 , 1 , 6 , 3 , 1 , -10 , -4 , 2 , 3774
-2 , 15 , 2 , -2 , -3 , -4 , 13 , -6 , 3856
-1 , -3 , -2 , 5 , 30 , 1 , 38 , 17 , 3938
3 , 3 , -1 , -39 , -66 , -8 , -12 , -30 , 4018
0 , -1 , 0 , 26 , 14 , 5 , 13 , 11 , 4102
0 , 0 , 1 , 11 , 14 , -3 , -2 , -1 , 4177
-4 , 4 , 24 , 0 , -10 , -12 , -1 , 0 , 4267
-24 , -1 , 13 , 12 , 4 , -50 , -6 , -21 , 4345
0 , -6 , -25 , -13 , 1 , -13 , 7 , 3 , 4412
0 , 3 , -3 , 2 , -5 , -24 , -9 , -6 , 4487
2 , -5 , -6 , 5 , 2 , 4 , 3 , 7 , 4567
2 , -3 , 12 , -2 , -3 , 3 , 5 , 1 , 4646
1 , 18 , 3 , 0 , -1 , 1 , 2 , 2 , 4728
1 , 1 , -1 , -2 , 0 , 0 , 3 , -1 , 4808
2 , 4 , 1 , -2 , -1 , 1 , 3 , 2 , 4882
-5 , -27 , -2 , -2 , -1 , -3 , -4 , -3 , 4961
1 , 2 , 5 , 4 , 1 , 2 , 4 , 3 , 5033
0 , -6 , -4 , -1 , -3 , -1 , -2 , -2 , 5100
0 , 4 , -3 , 0 , 0 , -3 , 0 , -1 , 5169
-2 , -1 , 2 , -1 , -4 , -1 , -1 , -1 , 5250
-3 , -3 , -2 , -1 , -2 , -1 , -2 , -3 , 5330
12 , 22 , 10 , 52 , -45 , 0 , 25 , -23 , 5415
-3 , -11 , -9 , -36 , -33 , -7 , -8 , -18 , 5494
0 , -1 , -1 , -14 , -5 , 20 , -11 , -7 , 5574
0 , 3 , 2 , -12 , 6 , 1 , -4 , -4 , 5646
0 , 0 , -5 , -1 , -1 , 1 , 0 , 0 , 5724
-12 , -11 , -10 , -39 , -14 , -2 , 0 , 4 , 5804
-3 , 16 , 14 , 0 , -6 , 2 , -12 , -16 , 5885
-2 , 0 , -2 , -6 , -7 , 0 , 2 , -1 , 5965
8 , 3 , 0 , -4 , -9 , -2 , 2 , 3 , 6049
-3 , -24 , -4 , -5 , -15 , -2 , -2 , 0 , 6128
1 , 4 , 4 , 0 , -3 , -2 , -9 , 1 , 6213
-5 , 2 , -1 , -4 , -6 , -3 , -7 , -6 , 6297
0 , -3 , -3 , -3 , -2 , -1 , -3 , 1 , 6380
1 , 2 , 1 , 0 , 0 , -1 , -13 , -4 , 6454
9 , -1 , 0 , -1 , -2 , -5 , -17 , -2 , 6538
0 , 0 , 0 , -2 , -3 , -8 , -32 , -13 , 6642
-18 , -16 , -8 , -8 , -4 , 22 , -7 , -7 , 6722
1 , 0 , 1 , -2 , -1 , -1 , 0 , 2 , 6797
1 , 1 , 1 , 0 , 0 , -4 , -12 , -1 , 6864
1 , -3 , -2 , 0 , -1 , 0 , -3 , -2 , 6943
5 , 4 , 0 , -9 , 6 , -13 , 0 , 2 , 7028
1 , 1 , 14 , 4 , 1 , 4 , 2 , -1 , 7112
0 , -2 , 3 , -1 , 0 , 0 , 0 , -1 , 7198
-2 , -3 , -11 , -13 , -9 , -4 , -3 , -3 , 7282
-2 , 0 , 21 , 2 , 0 , 12 , -1 , -1 , 7364
-4 , -6 , -11 , -31 , -9 , 0 , -4 , -5 , 7447
-4 , -4 , -18 , -17 , -4 , -3 , -2 , -2 , 7531
3 , 4 , 29 , 17 , 1 , -2 , 1 , 3 , 7614
5 , 7 , 52 , 19 , -1 , -12 , -4 , 2 , 7702
-5 , -3 , -19 , -23 , -5 , 9 , -5 , -6 , 7787
3 , -1 , -6 , -32 , -6 , -73 , 7 , 0 , 7876
-1 , -4 , -29 , -17 , 24 , -47 , -3 , 0 , 7963
-2 , -4 , 0 , -9 , -9 , -3 , -29 , -5 , 8040
-2 , 0 , 25 , 12 , 7 , 2 , 4 , 2 , 8115
-4 , -8 , -37 , -25 , -2 , 0 , -6 , -3 , 8203
-2 , -5 , -5 , 38 , 11 , -1 , 3 , 3 , 8283
8 , 9 , 17 , 22 , 1 , -2 , 0 , -1 , 8365
0 , 6 , 9 , 14 , 1 , 2 , 0 , -1 , 8445
2 , 34 , 53 , 69 , 5 , -3 , -3 , -1 , 8530
0 , -7 , -13 , -1 , -2 , -3 , 0 , 0 , 8616
-2 , 0 , -33 , -5 , 0 , -1 , -3 , -2 , 8704
2 , -2 , 8 , 19 , 6 , 4 , -3 , 1 , 8788
8 , 29 , 39 , 47 , 14 , 3 , 3 , 8 , 8871
3 , 0 , 8 , 39 , 6 , 6 , 4 , 2 , 8946
-6 , -17 , -30 , -12 , -5 , 1 , -9 , -5 , 9027
-3 , 2 , 32 , 51 , 7 , -1 , 16 , 0 , 9113
-1 , 9 , -34 , -36 , -7 , -3 , -4 , -3 , 9206
2 , 3 , -12 , 7 , 1 , 1 , 9 , 2 , 9277
11 , 14 , 26 , -9 , -7 , -3 , -16 , 5 , 9361
2 , 20 , 25 , 11 , 13 , -2 , -43 , -9 , 9444
22 , 39 , 113 , 72 , 17 , 2 , -2 , 7 , 9528
-14 , 73 , 62 , 50 , -1 , -3 , 28 , -7 , 9612
26 , 106 , 88 , 37 , 18 , -2 , 1 , 19 , 9700
16 , 24 , 26 , 30 , 7 , -4 , 25 , 6 , 9785
-11 , -34 , -38 , -87 , -4 , -3 , -11 , -3 , 9859
7 , 41 , 55 , 32 , 4 , -2 , 3 , 1 , 9942
-10 , -45 , -5 , -25 , -1 , -4 , -7 , -5 , 10028
-1 , 5 , 11 , -7 , -4 , -19 , -4 , -2 , 10117
-2 , -1 , 1 , -19 , -75 , -15 , -11 , -2 , 10362
-11 , 12 , -2 , 1 , -10 , -12 , -6 , -41 , 10472
15 , 0 , 0 , 14 , 20 , 8 , 27 , 14 , 10553
-17 , -10 , -1 , -4 , -16 , 2 , -48 , -5 , 10627
16 , -9 , 0 , 4 , 0 , 0 , -73 , -92 , 10696
15 , -13 , -5 , -8 , -22 , -1 , -29 , 94 , 10776
-3 , 3 , 6 , 17 , 3 , -4 , -8 , 10 , 10862
1 , 7 , 7 , 17 , 1 , -9 , -17 , -36 , 10944
-52 , -10 , -6 , -17 , -1 , 5 , 13 , 0 , 11028
-7 , 4 , 0 , 4 , 0 , -4 , 29 , 4 , 11115
63 , 5 , 3 , 4 , 4 , 21 , 9 , 21 , 11203
23 , 4 , 0 , 1 , 1 , -9 , 5 , 5 , 11287
-30 , -3 , -1 , 1 , 2 , 2 , -7 , -9 , 11372
3 , 1 , -2 , 1 , 1 , -4 , -3 , -1 , 11456
0 , -1 , 0 , -1 , -4 , -1 , -2 , 0 , 11538
-4 , -4 , -2 , 0 , -3 , 5 , -2 , -1 , 11616
-1 , -3 , 1 , -3 , 3 , 6 , 2 , -2 , 11687
1 , 0 , 1 , 5 , -5 , -6 , -3 , 0 , 11766
-2 , -2 , -1 , -6 , -1 , 2 , -1 , -1 , 11850
-1 , -2 , -1 , 0 , -5 , 2 , -3 , -1 , 11933
0 , -2 , 0 , 5 , 1 , -2 , -1 , 0 , 12018
-2 , -3 , -11 , 0 , 5 , 2 , -2 , -1 , 12101
1 , 4 , 8 , -1 , 8 , 6 , 0 , -1 , 12185
0 , 3 , 15 , 25 , 9 , 11 , 2 , 1 , 12270
-1 , 1 , -17 , -16 , 3 , 10 , -1 , 0 , 12355
-4 , -8 , -33 , -32 , -13 , 3 , -4 , -4 , 12440
-9 , -10 , -50 , -45 , -11 , 3 , -1 , -6 , 12526
-2 , -1 , 5 , 17 , 2 , 9 , -2 , -3 , 12610
-1 , -1 , -3 , -32 , -4 , 11 , -2 , -1 , 12715
-3 , -1 , 7 , -16 , -6 , -2 , -3 , -3 , 12797
-1 , -2 , -5 , 8 , 1 , 21 , -2 , -2 , 12872
1 , 1 , 8 , 8 , 1 , -6 , 0 , -1 , 12945
-6 , 0 , 1 , -14 , 0 , -3 , -3 , -5 , 13033
-12 , -5 , -1 , -2 , -4 , -13 , -5 , -5 , 13118
-3 , 1 , -8 , 0 , -3 , -34 , -4 , -4 , 13209
5 , -2 , -1 , 7 , -28 , 6 , 1 , 5 , 13297
0 , -2 , -9 , 5 , -2 , -33 , 0 , 1 , 13385
-4 , -10 , -19 , -14 , 0 , 12 , -1 , -2 , 13461
-2 , -2 , -9 , -6 , 1 , 2 , -1 , -1 , 13542
-1 , -5 , -12 , -7 , -8 , -7 , -8 , -1 , 13625
-1 , 4 , 10 , 6 , -9 , -6 , 5 , 0 , 13715
-2 , 0 , -2 , -1 , -6 , -9 , 7 , 1 , 13802
2 , -4 , -6 , 0 , 14 , 8 , -1 , 1 , 13883
2 , 7 , 9 , -2 , -1 , -1 , -2 , -1 , 13969
-1 , 1 , -6 , -3 , 6 , 1 , 0 , -1 , 14046
1 , -5 , 0 , 4 , 5 , 1 , -1 , -1 , 14119
-2 , 0 , -1 , -1 , -1 , 0 , -2 , -4 , 14207
1 , 5 , 5 , 5 , 4 , -1 , 0 , -1 , 14293
-1 , 1 , -2 , -5 , -3 , 1 , 1 , 1 , 14382
0 , 17 , -9 , -34 , 8 , -4 , -6 , 33 , 14466
0 , -2 , -1 , -14 , -37 , -5 , -7 , -1 , 14554
-3 , -3 , -2 , 3 , 25 , -4 , -5 , -2 , 14636
-6 , -3 , 2 , 2 , -1 , 10 , 0 , 1 , 14722
-1 , 1 , 5 , 1 , -3 , -5 , -1 , -3 , 14810
-3 , -3 , -7 , 5 , -4 , -8 , 0 , 0 , 14896
-2 , -1 , 1 , 4 , -8 , -13 , 0 , -3 , 14982
1 , 1 , 1 , -11 , -1 , 4 , -1 , 0 , 15063
-2 , -2 , 1 , -1 , -22 , 15 , 1 , -1 , 15159
-1 , 1 , 1 , -1 , 26 , 13 , -1 , 1 , 15236
-1 , 1 , 2 , -8 , 2 , 6 , 0 , -4 , 15310
-1 , -1 , -4 , -16 , 0 , -1 , 0 , 2 , 15396
-2 , -1 , -2 , -9 , 3 , -3 , 2 , -11 , 15482
-3 , -2 , 0 , 4 , -10 , 6 , -9 , -16 , 15559
0 , -1 , 0 , -10 , 0 , 6 , 2 , 1 , 15652
-2 , -1 , -1 , -1 , 22 , -8 , -4 , -4 , 15737
-2 , -1 , 2 , -5 , -9 , -1 , -2 , 2 , 15817
2 , 1 , -3 , -5 , 2 , 1 , 1 , 18 , 15894
0 , -1 , -1 , 19 , 22 , -3 , 1 , -4 , 15971
-2 , 2 , 1 , 2 , 1 , 1 , -1 , -6 , 16048
-2 , -1 , 1 , 16 , 19 , -1 , 1 , 0 , 16125
-1 , 0 , -2 , 5 , 16 , -4 , -2 , 1 , 16215
-1 , 0 , 1 , -2 , 1 , 0 , -1 , -1 , 16307
-1 , -1 , -2 , -8 , 0 , -2 , 0 , -3 , 16399
-2 , 0 , -1 , -12 , -9 , 0 , 0 , -5 , 16476
-5 , -2 , -4 , 1 , -4 , 0 , -1 , -2 , 16558
0 , -2 , -5 , -26 , -22 , -2 , -1 , -1 , 16640
-2 , 0 , 1 , 10 , 19 , 0 , -1 , 0 , 16728
0 , -2 , -3 , -13 , -12 , -1 , -1 , -3 , 16814
0 , 0 , -1 , 7 , 4 , 3 , 0 , -1 , 16902
-1 , -2 , 1 , -2 , -17 , -3 , -2 , -1 , 16990
-2 , -2 , -1 , -6 , -20 , -1 , 0 , -1 , 17078
-2 , -3 , -6 , 4 , -8 , 0 , 1 , 0 , 17167
0 , 0 , -1 , -4 , -15 , 0 , -2 , 0 , 17256
-1 , -1 , 0 , 0 , 7 , -2 , -1 , -2 , 17344
-2 , 0 , -4 , -8 , -9 , -4 , -3 , -2 , 17426
-1 , -1 , -1 , 6 , -1 , -3 , -2 , -2 , 17519
0 , -2 , -1 , -8 , -7 , -2 , 0 , -2 , 17604
-2 , -3 , -2 , 8 , 9 , -2 , -1 , -1 , 17681
-2 , -2 , 0 , 15 , 21 , 2 , -2 , -1 , 17757
-1 , -1 , -3 , 9 , 33 , 0 , -1 , 0 , 17844
0 , -2 , -1 , -8 , -7 , -1 , -4 , -1 , 17932
-1 , -1 , -1 , 2 , 3 , -2 , -1 , -1 , 18021
-1 , -1 , -3 , -10 , -12 , 1 , -1 , -1 , 18111
0 , -1 , 0 , 28 , 8 , -1 , 0 , 0 , 18204
0 , -1 , 0 , 10 , 21 , 0 , -1 , 0 , 18293
-1 , 0 , 0 , 12 , 9 , 0 , -1 , 1 , 18379
-4 , -3 , -3 , -18 , 8 , -2 , -2 , -3 , 18463
-1 , -1 , -2 , 7 , 10 , -2 , 0 , -1 , 18556
-1 , -1 , 5 , -3 , 5 , -6 , -2 , 0 , 18650
0 , 2 , 0 , 6 , 3 , 2 , 1 , 0 , 18736
-6 , -5 , -4 , -7 , -5 , 3 , -3 , -3 , 18820
0 , 2 , 8 , 5 , -5 , -4 , -2 , 0 , 18890
39 , 22 , 7 , -13 , -3 , -6 , 4 , 13 , 18968
3 , 0 , -2 , -17 , -27 , -3 , -2 , -1 , 19056
-1 , -1 , -1 , 6 , -3 , -2 , 1 , 0 , 19142
-6 , -8 , -14 , -6 , 2 , 2 , -4 , -4 , 19230
-4 , -2 , -3 , 6 , 2 , -1 , -3 , -1 , 19319
-3 , -1 , 1 , -6 , -14 , -1 , 0 , 1 , 19404
1 , 1 , 0 , 0 , -6 , -2 , 0 , -1 , 19493
0 , 1 , 1 , 11 , 7 , 1 , -1 , -1 , 19582
-1 , 1 , 6 , -11 , -19 , 3 , 0 , -1 , 19672
-10 , 1 , 4 , 10 , 12 , 0 , -2 , 0 , 19760
2 , -1 , 0 , 1 , -7 , 1 , 0 , 0 , 19857
0 , -3 , -1 , -3 , -4 , -5 , 0 , -1 , 19965
0 , 0 , 1 , 5 , -11 , -3 , 0 , -1 , 20048
-1 , -4 , -6 , -9 , 1 , 0 , -3 , -2 , 20117
-2 , -1 , -5 , -1 , 4 , 3 , 0 , -2 , 20210
-3 , -4 , -4 , -10 , -16 , 2 , -1 , 0 , 20298
-1 , -1 , 1 , 4 , 18 , -18 , -1 , 0 , 20386
-2 , -5 , -12 , -11 , -8 , 0 , -2 , -1 , 20478
-1 , -4 , -13 , -6 , 0 , 0 , -2 , 0 , 20569
-3 , -2 , -5 , -5 , -9 , 4 , -2 , 0 , 20659
0 , -3 , -3 , -11 , -1 , -42 , -7 , -2 , 20748
-1 , 2 , 3 , 6 , 6 , 11 , 0 , 1 , 20842
-6 , -10 , -15 , -9 , -3 , -4 , -4 , -5 , 20947
0 , -2 , -4 , 2 , 8 , 11 , 1 , -2 , 21204
-2 , -2 , 2 , -4 , -18 , 6 , -1 , -1 , 21328
-1 , -2 , 2 , 23 , 47 , 10 , 0 , -1 , 21416
1 , -1 , -3 , 16 , 17 , 7 , 1 , -2 , 21501
1 , 8 , 16 , 8 , 11 , 1 , -1 , 1 , 21583
0 , 0 , -3 , 12 , 3 , 4 , 1 , 0 , 21681
-1 , -1 , -2 , -14 , -13 , 5 , 1 , -1 , 21778
0 , 1 , 3 , 9 , 20 , 1 , 4 , -1 , 21876
1 , 4 , 13 , -6 , -2 , 1 , -1 , -1 , 21974
-3 , -1 , 1 , -6 , -9 , 1 , -2 , -1 , 22073
0 , 0 , 2 , 25 , 46 , 9 , 3 , -1 , 22172
-2 , -4 , -5 , -14 , -38 , -3 , -1 , -1 , 22264
-2 , -2 , -2 , -2 , -3 , -3 , -1 , -2 , 22382
-1 , -1 , -3 , -5 , -27 , -7 , 0 , 1 , 22465
0 , -1 , 0 , -8 , -7 , 0 , -4 , -1 , 22536
-1 , -2 , -3 , -4 , -8 , -3 , 2 , 0 , 22617
2 , -1 , -3 , -4 , 4 , -4 , -1 , 0 , 22712
-3 , -6 , -9 , 12 , 1 , 0 , -1 , -2 , 22801
-1 , 0 , -2 , 5 , -12 , 3 , -1 , 1 , 22891
-1 , -1 , -1 , 25 , 28 , -3 , -1 , -1 , 22981
-1 , -2 , 1 , -11 , -9 , 2 , 0 , -1 , 23070
-1 , -2 , -2 , -5 , -4 , -2 , -4 , -3 , 23162
1 , 1 , -1 , -21 , -57 , -8 , -3 , -2 , 23256
-1 , -2 , 0 , 7 , 2 , -3 , 1 , 1 , 23347
-1 , -1 , 1 , -11 , 2 , 11 , 1 , 0 , 23441
0 , -3 , -7 , 13 , 18 , -3 , 0 , -2 , 23545
0 , 1 , 2 , -3 , -18 , 3 , -2 , -2 , 23655
3 , 1 , 5 , 7 , -22 , -1 , 4 , 1 , 23733
-2 , -1 , -3 , -4 , 4 , 8 , -1 , -2 , 23806
-2 , -2 , -3 , -27 , -11 , 0 , -1 , -2 , 23887
0 , -2 , -3 , 6 , 15 , -10 , -5 , -2 , 23979
0 , 3 , 3 , 10 , 37 , 2 , -3 , -1 , 24069
-1 , -6 , -20 , -14 , -20 , 7 , 2 , 0 , 24163
-1 , -2 , -6 , -53 , -45 , 4 , 0 , -1 , 24255
-2 , -2 , -1 , 2 , 18 , 2 , 1 , 0 , 24344
-3 , -2 , 1 , -12 , -28 , 3 , -1 , -2 , 24428
0 , 3 , 7 , 22 , 37 , 19 , 3 , 0 , 24523
2 , 3 , 7 , 2 , -8 , -6 , 5 , 1 , 24612
-3 , -3 , -3 , -6 , -16 , 3 , 0 , -2 , 24729
0 , 1 , 6 , 13 , 5 , 0 , -1 , 0 , 24833
1 , 1 , 5 , -14 , -34 , 6 , 0 , 2 , 24917
-2 , 2 , -8 , -3 , -25 , 4 , -3 , -2 , 24990
-1 , -4 , -1 , 24 , 28 , -1 , 0 , -2 , 25080
2 , 4 , 6 , 13 , -5 , 1 , -2 , 0 , 25181
-1 , -3 , 1 , 12 , -2 , 5 , -2 , 0 , 25278
-3 , -4 , -5 , -18 , -16 , -9 , -6 , -3 , 25378
0 , 0 , 4 , 22 , 31 , 9 , 2 , 1 , 25478
-2 , -3 , -8 , -10 , -9 , 0 , -1 , -3 , 25579
-1 , 1 , 2 , 0 , 7 , 2 , 0 , -1 , 25672
-1 , -3 , -16 , -30 , -8 , 1 , -2 , 0 , 25757
-1 , 0 , 0 , 1 , 7 , -2 , -1 , -1 , 25844
-3 , 0 , -1 , -19 , -12 , -6 , -2 , 0 , 25951
0 , 0 , 1 , -5 , -18 , -22 , -4 , -1 , 26041
0 , 2 , -1 , -3 , -12 , -2 , 0 , 0 , 26120
-2 , -3 , -6 , -14 , -14 , 4 , -2 , -2 , 26192
-2 , -2 , -2 , 3 , 6 , 3 , 1 , -2 , 26274
-1 , -3 , -9 , -27 , -25 , 2 , -1 , -2 , 26360
0 , 2 , 3 , -6 , -7 , 1 , 0 , -1 , 26446
-1 , 2 , 1 , 4 , 4 , -6 , 0 , 0 , 26548
1 , 0 , 2 , -3 , 17 , 1 , -1 , 2 , 26643
1 , 3 , 12 , 19 , 4 , 0 , 0 , 0 , 26727
0 , -2 , -7 , -7 , 1 , 2 , 1 , 0 , 26828
0 , 3 , 5 , 7 , 11 , 4 , 2 , -1 , 26904
-6 , -4 , -2 , 12 , -1 , 5 , -1 , -1 , 26974
-4 , -3 , -17 , -6 , 4 , 3 , 1 , 0 , 27054
2 , 3 , 12 , 16 , 15 , 5 , 2 , 0 , 27161
-5 , -14 , -21 , -11 , -6 , -3 , -2 , -3 , 27262
-4 , -2 , -2 , 26 , 42 , 2 , -2 , -3 , 27340
-7 , -2 , -5 , -14 , -19 , 6 , -4 , -2 , 27414
-2 , -1 , 1 , 10 , 11 , -1 , 5 , -2 , 27499
0 , 1 , 2 , -16 , -12 , 0 , 4 , 0 , 27589
1 , 0 , -1 , 1 , 5 , -4 , 1 , -1 , 27676
1 , 3 , 11 , 7 , -6 , 2 , 0 , -1 , 27764
1 , 2 , 3 , -4 , -6 , -1 , 0 , -2 , 27847
-3 , -3 , 0 , -16 , -32 , -3 , -2 , -2 , 27940
-2 , -2 , 7 , 6 , -4 , 0 , -3 , -4 , 28029
8 , 4 , 2 , 10 , 6 , 0 , -7 , -1 , 28120
2 , -1 , -2 , 6 , 6 , 4 , 1 , -1 , 28215
-4 , -3 , -5 , -12 , 1 , 1 , 0 , -1 , 28302
3 , 4 , 3 , 0 , -9 , 10 , 2 , -1 , 28406
-1 , 2 , -3 , -11 , -9 , 0 , 1 , 1 , 28544
-2 , 0 , -3 , -17 , -8 , -1 , 1 , 0 , 28632
3 , 0 , 2 , 10 , -1 , 2 , 0 , -1 , 28701
-4 , 0 , -3 , -6 , -10 , 3 , -4 , -1 , 28771
0 , -3 , -3 , -33 , -38 , 2 , -3 , 2 , 28845
-1 , 0 , -2 , -3 , 4 , 10 , -1 , -1 , 28916
-1 , -3 , 0 , 15 , 8 , -4 , -4 , -3 , 28991
-1 , -2 , 3 , -8 , -2 , 2 , 0 , 0 , 29069
-1 , -2 , -2 , -9 , -8 , -1 , -4 , -2 , 29159
-2 , -4 , -1 , -6 , -11 , -2 , -3 , -5 , 29246
-4 , -11 , -13 , -21 , -3 , 1 , -1 , -3 , 29334
0 , 2 , -3 , -9 , 5 , 1 , 0 , -1 , 29421
0 , 0 , -3 , -1 , -3 , -6 , 0 , -2 , 29509
-2 , -4 , -4 , -17 , -28 , -2 , -4 , -2 , 29597
0 , 0 , -1 , 3 , -8 , -5 , -5 , -1 , 29684
-4 , -4 , -8 , 14 , 3 , 4 , -3 , -3 , 29785
5 , 6 , 6 , 8 , -1 , 1 , 1 , 0 , 29853
1 , 0 , 0 , -28 , -5 , 2 , -1 , -2 , 29925
-2 , 0 , 1 , -10 , -1 , -1 , 0 , 0 , 29993
-1 , -2 , 0 , -2 , -7 , -2 , -2 , -1 , 30074
-1 , -2 , 1 , 1 , -11 , 0 , -2 , -1 , 30167
-2 , -1 , -3 , -31 , -21 , -3 , -4 , -1 , 30249
-1 , -4 , -2 , -1 , -11 , 0 , 0 , -2 , 30329
0 , -2 , -7 , -18 , -25 , 1 , -1 , -1 , 30401
-3 , -8 , -14 , 23 , -6 , 7 , -2 , -3 , 30475
-2 , 0 , 6 , -4 , -13 , 0 , -1 , -1 , 30550
-2 , -2 , -12 , -7 , 3 , 4 , 0 , -2 , 30626
-3 , -4 , -9 , -11 , -7 , -3 , -2 , -1 , 30702
2 , 6 , 2 , -4 , -6 , -1 , 1 , 2 , 30781
-4 , -1 , 0 , 6 , 8 , 3 , -3 , -3 , 30908
0 , 0 , 2 , 2 , -9 , 1 , 0 , -1 , 31019
-1 , -2 , 0 , -8 , -22 , -1 , -1 , 1 , 31095
0 , 3 , 2 , -10 , -14 , 2 , -1 , 0 , 31188
0 , 0 , -5 , 0 , -9 , -1 , -1 , -2 , 31270
-1 , -7 , -10 , -8 , 9 , 0 , -2 , -1 , 31369
-2 , -2 , -5 , -11 , -13 , 6 , -1 , -2 , 31459
-2 , -3 , 2 , 5 , 3 , 0 , -3 , 0 , 31570
1 , 1 , 3 , -7 , -24 , 5 , 0 , -1 , 31661
0 , 2 , 5 , 7 , 34 , 8 , -1 , -1 , 31745
-2 , -1 , 4 , 16 , 29 , 1 , 0 , 0 , 31829
1 , 1 , 5 , -5 , -22 , -1 , -2 , -2 , 31933
-5 , -10 , -22 , 11 , 38 , 1 , -2 , -5 , 32068
0 , -1 , 0 , -16 , -34 , 3 , -1 , -1 , 32207
-1 , -2 , -4 , 7 , 22 , -1 , -2 , -1 , 32387
-1 , 1 , 0 , -3 , -25 , -1 , 0 , -2 , 32478
-11 , 2 , -5 , -2 , -1 , 2 , -4 , -5 , 32573
-4 , -5 , -5 , 2 , 6 , 3 , 5 , 1 , 32658
-23 , -20 , -9 , -5 , 1 , -10 , -8 , -16 , 32730
-20 , -19 , -6 , 9 , 8 , -11 , -6 , -9 , 32806
10 , -2 , -5 , -30 , 0 , 5 , 1 , -2 , 32884
2 , 4 , 6 , 12 , -11 , 3 , 0 , 0 , 32962
-4 , 2 , -3 , 7 , 3 , 5 , 2 , 1 , 33041
4 , 4 , 3 , 7 , 23 , -1 , -1 , -1 , 33119
-4 , 0 , 0 , -2 , -9 , 0 , -2 , 1 , 33193
1 , 3 , -8 , -11 , -8 , 4 , -1 , -1 , 33267
-4 , -1 , -5 , 3 , 1 , -2 , -2 , -1 , 33341
1 , -7 , -1 , -9 , -13 , -1 , 0 , -3 , 33436
2 , 3 , 5 , 8 , 12 , -4 , 0 , -1 , 33601
1 , 3 , 1 , -5 , -7 , -3 , -1 , -1 , 33676
1 , 2 , 4 , 0 , 12 , 1 , 0 , 0 , 33757
-1 , -3 , -3 , -15 , -7 , -6 , -1 , -1 , 33853
-2 , -5 , -1 , -2 , -1 , -2 , 2 , 0 , 33943
-11 , -10 , -1 , -2 , -3 , 2 , 0 , -1 , 34040
0 , -10 , -3 , 0 , -1 , -3 , -4 , -7 , 34132
-4 , 3 , 1 , 12 , 20 , 2 , -2 , -2 , 34219
-1 , -1 , 4 , 10 , 21 , 4 , -1 , 1 , 34311
2 , 7 , 13 , 2 , 3 , 2 , 1 , -1 , 34398
-3 , -6 , -7 , 0 , 5 , 6 , 1 , -1 , 34474
-3 , -4 , -6 , -5 , -5 , 0 , 0 , -1 , 34551
-2 , -1 , 2 , 12 , 3 , 0 , -1 , -2 , 34675
-3 , 0 , 0 , 9 , 10 , 0 , -2 , 0 , 34831
-2 , -2 , -1 , -6 , 3 , 1 , -4 , -3 , 34907
-3 , -4 , -9 , -6 , -3 , -9 , 0 , -2 , 34993
-2 , -2 , 3 , 1 , 4 , -1 , -1 , 1 , 35090
-2 , -1 , 1 , 3 , -1 , 2 , -4 , -2 , 35181
-1 , 3 , 7 , -1 , -6 , 1 , -2 , -2 , 35276
2 , 3 , -3 , -26 , -13 , -2 , -2 , -2 , 35373
0 , -2 , -1 , 10 , -16 , -11 , 0 , 0 , 35460
1 , 0 , -3 , 9 , 10 , 7 , 4 , -1 , 35539
-1 , -4 , -28 , -8 , -13 , 2 , -1 , -2 , 35626
-1 , -1 , -4 , 0 , -3 , -4 , -3 , -1 , 35722
-1 , 0 , -1 , -4 , -5 , 4 , 0 , -2 , 35810
-3 , -3 , -3 , 1 , 8 , -2 , -1 , -2 , 35907
-2 , -3 , -3 , -5 , 10 , 2 , -2 , 0 , 36024
-1 , 1 , 4 , 12 , 18 , 0 , -1 , -2 , 36114
-3 , -3 , -6 , -8 , -26 , 1 , -3 , -2 , 36192
-1 , -3 , -4 , -16 , -13 , -2 , 0 , -2 , 36267
-3 , -1 , 3 , 8 , 11 , -2 , -2 , -3 , 36344
-1 , 0 , -2 , 1 , 3 , -1 , -1 , -1 , 36423
-2 , -3 , -6 , -3 , 5 , 1 , -1 , -2 , 36504
0 , 0 , 4 , -3 , 3 , -1 , -1 , -1 , 36592
-2 , 1 , 3 , -4 , -27 , 2 , -14 , -5 , 36689
-2 , 1 , 3 , 3 , 2 , -1 , -1 , 1 , 36787
-2 , 0 , 1 , -7 , -11 , -1 , -2 , -3 , 36883
-1 , 0 , -1 , 0 , 14 , -5 , 0 , 0 , 36981
0 , -1 , -1 , -9 , -7 , -1 , 0 , -1 , 37074
-1 , 1 , 0 , -4 , -7 , 1 , -1 , -1 , 37172
-1 , -3 , -6 , -11 , -5 , -2 , 0 , 0 , 37259
-1 , 1 , 2 , -6 , -8 , 0 , -1 , 0 , 37334
1 , 4 , -1 , -1 , -5 , -1 , 1 , 1 , 37414
-1 , 1 , 2 , -3 , -3 , -2 , -2 , -3 , 37488
-1 , -2 , -5 , -10 , -27 , -1 , -1 , -3 , 37561
-1 , -6 , -23 , 9 , 27 , 2 , -1 , -2 , 37638
-3 , -2 , -8 , -3 , 16 , 1 , -1 , -2 , 37710
-1 , -3 , -5 , -25 , -29 , -2 , -2 , -2 , 37786
-1 , 0 , -2 , -16 , -29 , -4 , 0 , -2 , 37862
0 , 0 , 4 , -12 , -11 , -2 , -1 , 0 , 37941
-1 , -1 , -1 , -8 , -17 , 4 , -1 , -1 , 38020
-3 , -5 , -8 , -18 , -16 , 6 , 0 , -2 , 38106
0 , -3 , -3 , -4 , -17 , 2 , -3 , -1 , 38198
1 , 1 , 5 , 13 , 20 , 1 , -2 , -1 , 38295
1 , -2 , -4 , -16 , -31 , 1 , -1 , 1 , 38386
1 , 1 , -2 , -2 , 12 , 0 , 0 , 0 , 38516
-3 , 0 , 4 , 13 , 7 , 0 , 3 , 0 , 38589
-3 , -3 , -3 , 14 , 2 , -5 , 0 , -2 , 38663
0 , 1 , -1 , -3 , -11 , 15 , 3 , 0 , 38734
-2 , 1 , 9 , -5 , -2 , 9 , -3 , -2 , 38809
-2 , 1 , 0 , -6 , -17 , 0 , 1 , 1 , 38883
-3 , -1 , -5 , -10 , -13 , 1 , -2 , -2 , 38959
-2 , -5 , -4 , -9 , -10 , -3 , -12 , -2 , 39034
2 , 5 , 3 , 1 , 6 , 3 , 1 , 2 , 39107
-3 , -5 , -5 , 2 , 5 , -1 , -2 , 0 , 39179
0 , 5 , 10 , 1 , -4 , -2 , -1 , -1 , 39254
-7 , -7 , -5 , 11 , 15 , 0 , -1 , 0 , 39329
-9 , -4 , 1 , 3 , 17 , -3 , -2 , -2 , 39404
-1 , -4 , -8 , -14 , -35 , -2 , 1 , -1 , 39481
-1 , 2 , 2 , -25 , -15 , 5 , -4 , -3 , 39634
-5 , -2 , 3 , -8 , 0 , 1 , -1 , -2 , 39739
-2 , -4 , -9 , -5 , 7 , 2 , -1 , -1 , 39813
-1 , 0 , -1 , 15 , 10 , 2 , -2 , -1 , 39885
-3 , -4 , -1 , -9 , -40 , -4 , -3 , -2 , 39960
0 , -1 , -2 , -7 , 7 , 11 , 1 , 0 , 40035
0 , 3 , 3 , 4 , -15 , 2 , -1 , -2 , 40108
-1 , 0 , 7 , 8 , 11 , 1 , -1 , -1 , 40185
-3 , -10 , -20 , -11 , 7 , 0 , -2 , -2 , 40257
-3 , -3 , -6 , -11 , -19 , 0 , -1 , -3 , 40334
3 , 6 , 6 , 0 , 14 , 3 , 2 , 1 , 40420
-6 , -9 , -3 , -7 , -1 , -5 , -7 , -7 , 40513
2 , 7 , 10 , -2 , 2 , 7 , 0 , 0 , 40600
-2 , -9 , -8 , -13 , -10 , -5 , -3 , -3 , 40698
-2 , -1 , 0 , 6 , 4 , 2 , 0 , -1 , 40800
1 , 2 , 5 , 13 , 10 , 3 , 4 , 1 , 40908
1 , -1 , -5 , -12 , -13 , 1 , 0 , 1 , 40983
0 , -4 , -4 , 3 , -2 , 4 , 2 , 0 , 41069
-2 , -4 , -10 , -29 , -7 , -5 , -7 , -4 , 41162
0 , 0 , 2 , 11 , 11 , 7 , -1 , 1 , 41254
0 , -1 , -5 , -1 , -12 , -2 , -1 , -2 , 41347
1 , 4 , 7 , -11 , -22 , -6 , -4 , 1 , 41439
-1 , -5 , -16 , -18 , -1 , 4 , -1 , 0 , 41531
1 , 2 , 1 , -6 , -9 , -1 , -2 , -1 , 41621
1 , 2 , 8 , 0 , -11 , 3 , -1 , -1 , 41710
0 , 1 , -3 , 1 , 0 , 2 , -1 , 0 , 41796
-2 , -1 , -2 , 0 , -5 , -16 , -3 , -2 , 41887
-2 , 1 , 3 , -5 , -14 , 1 , -1 , -3 , 41991
-6 , -6 , -8 , -11 , -19 , -5 , -5 , -7 , 42099
-1 , 1 , 5 , 4 , -11 , -7 , -1 , -4 , 42182
-3 , -5 , -7 , -22 , 4 , -2 , -1 , -4 , 42264
2 , -1 , 0 , -2 , 0 , 4 , -2 , 4 , 42345
1 , 1 , 0 , -6 , -6 , 5 , 0 , 0 , 42422
10 , 1 , 2 , 9 , -26 , -11 , -2 , 3 , 42507
-6 , 2 , 6 , -16 , -6 , -1 , -1 , -2 , 42589
-3 , -2 , 3 , -6 , -3 , -1 , -2 , -2 , 42663
-1 , 2 , 3 , 23 , 5 , -1 , -2 , 0 , 42744
2 , -2 , 0 , 3 , -13 , -3 , 0 , -2 , 42817
-1 , 6 , 17 , 23 , 8 , 4 , 3 , -2 , 42891
-5 , -10 , -22 , -13 , -21 , -1 , -2 , -4 , 42966
-1 , -3 , -11 , 3 , -1 , -4 , -4 , -1 , 43044
-2 , -1 , 17 , -4 , -35 , -4 , 1 , 1 , 43139
-3 , -2 , -4 , -3 , -3 , 1 , 2 , -1 , 43341
3 , 4 , 2 , -15 , -68 , -3 , 5 , 4 , 43423
-14 , 0 , 24 , 66 , 66 , 8 , 4 , -4 , 43498
-7 , -3 , -1 , 9 , 5 , -3 , 0 , -3 , 43582
-1 , -4 , -3 , 5 , -10 , -5 , -5 , -4 , 43667
2 , 3 , 2 , 2 , -3 , -7 , 0 , 0 , 43762
-2 , 0 , -2 , -2 , 6 , 4 , -1 , -2 , 43854
-10 , -5 , -7 , 12 , -1 , -4 , -9 , -8 , 43944
3 , 2 , 10 , 1 , -4 , 2 , -6 , -10 , 44037
-2 , -4 , -6 , 10 , 12 , 7 , -4 , -2 , 44130
24 , 8 , 7 , 17 , -8 , 1 , 2 , 11 , 44223
-9 , -9 , -13 , -42 , -61 , -13 , -3 , -2 , 44315
0 , 1 , 3 , -5 , -21 , -2 , 0 , 0 , 44404
0 , 1 , 5 , 2 , -2 , 2 , 1 , 0 , 44490
4 , 6 , 9 , 14 , -11 , 3 , 1 , 2 , 44574
0 , 1 , 3 , -21 , -21 , 8 , 1 , 0 , 44653
-1 , -2 , 2 , 14 , -33 , -7 , 0 , 15 , 44746
-6 , -10 , -7 , -5 , 10 , 5 , 14 , -7 , 44839
-1 , 0 , -8 , 7 , -10 , -1 , -2 , -2 , 44921
-2 , -8 , -10 , 3 , -4 , -5 , 0 , -1 , 45014
-3 , -10 , -22 , 14 , 14 , 6 , -2 , -4 , 45102
5 , 4 , 1 , -16 , -82 , -62 , -5 , 0 , 45190
-1 , 3 , -1 , -5 , -2 , 8 , -1 , 0 , 45277
-1 , 0 , 5 , 8 , 9 , -1 , -6 , -1 , 45375
-3 , -5 , -9 , -6 , -22 , 17 , -3 , 0 , 45464
-1 , 2 , 5 , -16 , -32 , -6 , 0 , 0 , 45585
0 , 2 , 3 , 14 , -9 , -7 , -3 , 0 , 45703
-7 , 1 , 1 , -1 , -21 , -2 , -1 , -1 , 45790
2 , -7 , -1 , 2 , 3 , 2 , 1 , -1 , 45864
0 , -9 , -20 , -41 , -18 , -7 , -2 , 1 , 45949
3 , 1 , 2 , -1 , -3 , -3 , -6 , -1 , 46040
-1 , 2 , 1 , 4 , 14 , -3 , -4 , -1 , 46133
-1 , 7 , 10 , 10 , 8 , -4 , -2 , -1 , 46217
-3 , -1 , -2 , -1 , 8 , 4 , -1 , -4 , 46291
-3 , -3 , -6 , 1 , 4 , -1 , -2 , -2 , 46365
1 , -1 , -2 , 6 , 2 , 3 , 0 , -1 , 46440
-1 , 4 , -1 , 0 , 6 , -8 , -1 , -1 , 46515
-1 , 0 , -2 , -4 , -4 , -2 , -2 , 3 , 46587
1 , -1 , 2 , -3 , -4 , -1 , -3 , 0 , 46660
-4 , -5 , -2 , 1 , 6 , -3 , -2 , 0 , 46733
-1 , 0 , -7 , 3 , 78 , -2 , 1 , -3 , 46820
-4 , -4 , 1 , -15 , 1 , -7 , 0 , -3 , 46949
2 , 4 , 3 , -17 , -12 , -5 , 0 , -1 , 47035
1 , 3 , -2 , 10 , 5 , 6 , 4 , 3 , 47107
-1 , 1 , 1 , -9 , -3 , -12 , -1 , -2 , 47180
-1 , 4 , 3 , -35 , -28 , 0 , -3 , 0 , 47252
-1 , -2 , -3 , -8 , -18 , -8 , -2 , 1 , 47326
1 , -2 , 1 , 24 , 34 , 3 , 5 , 4 , 47400
-3 , -5 , -15 , 4 , -1 , -1 , -2 , -2 , 47474
-3 , -2 , 1 , 2 , 15 , -3 , -2 , -3 , 47547
-4 , -2 , 0 , 3 , -4 , 1 , -3 , -5 , 47630
-1 , -1 , 3 , 15 , 14 , -1 , -1 , 0 , 47701
-5 , -8 , 2 , 16 , -3 , 2 , -2 , -5 , 47774
-4 , -7 , -6 , -1 , 7 , -2 , -4 , -12 , 47850
-3 , -3 , -1 , 10 , 8 , 12 , 3 , -1 , 47921
-2 , -3 , 2 , 8 , -7 , 20 , -1 , -1 , 48001
-2 , 0 , -1 , -2 , 21 , 13 , 1 , 1 , 48123
-3 , -6 , -8 , -8 , 12 , 1 , 1 , -4 , 48229
-4 , 2 , 9 , 36 , -1 , -2 , 3 , -3 , 48307
-8 , -2 , -3 , 1 , -19 , -14 , -1 , -1 , 48399
0 , 3 , 1 , 2 , -8 , -3 , -2 , -1 , 48491
18 , 7 , 4 , 28 , 3 , 0 , 4 , -8 , 48571
-10 , -2 , -3 , -14 , -26 , 17 , -3 , 0 , 48647
2 , 1 , 1 , 3 , 16 , 2 , -6 , 0 , 48721
-5 , 3 , 1 , 7 , 3 , -4 , 5 , 2 , 48794
5 , -2 , 0 , 1 , 18 , -22 , 5 , 2 , 48868
9 , 6 , -1 , -22 , -109 , -79 , -8 , 1 , 48945
-1 , 1 , -5 , -13 , 11 , -3 , 0 , -2 , 49038
2 , 4 , -1 , 7 , -12 , -2 , -2 , -1 , 49131
-2 , -1 , -9 , -10 , -29 , -3 , -4 , -2 , 49218
2 , 4 , 4 , 16 , 2 , -7 , 1 , -3 , 49306
1 , -3 , -1 , 1 , -27 , -1 , -2 , -2 , 49388
0 , -1 , 5 , 10 , -8 , -4 , -4 , -4 , 49463
-1 , 1 , -2 , 18 , 15 , -2 , -2 , 3 , 49549
-1 , 0 , 3 , 4 , 3 , -3 , -2 , -1 , 49644
-1 , -2 , 1 , -7 , -8 , 0 , 3 , -2 , 49735
-3 , 0 , 0 , 1 , -9 , 4 , -2 , -1 , 49827
-6 , -1 , 9 , 21 , 12 , 9 , -2 , -2 , 49911
2 , 1 , 1 , 3 , -6 , 0 , -5 , -25 , 49998
-1 , 1 , -4 , -8 , -11 , 2 , 2 , 4 , 50082
-2 , -2 , -1 , 15 , 2 , -2 , -6 , -7 , 50159
-3 , 0 , 2 , 3 , -9 , -2 , -3 , -2 , 50239
-2 , -2 , -3 , -4 , 6 , -5 , -2 , -4 , 50319
-1 , 0 , -5 , 2 , 19 , 3 , 2 , -4 , 50397
-3 , -6 , 1 , -6 , 13 , -4 , 8 , 0 , 50489
8 , -6 , -5 , 1 , -3 , -3 , -8 , -34 , 50572
6 , 3 , 9 , 12 , 3 , -8 , 2 , -3 , 50652
-2 , 1 , 8 , -1 , 4 , 2 , -2 , -1 , 50739
1 , 3 , 3 , -3 , -9 , -6 , -3 , -31 , 50813
7 , -2 , -4 , -11 , -31 , -4 , 3 , -5 , 50887
-3 , -3 , -3 , 7 , -8 , 1 , 14 , 6 , 50967
-1 , -3 , -6 , 3 , 30 , 2 , -3 , 1 , 51045
-3 , -2 , -4 , 7 , 39 , 3 , 0 , -1 , 51127
-1 , -1 , -9 , 1 , 4 , -2 , 1 , 8 , 51203
0 , -3 , -4 , -7 , -9 , 3 , 1 , -3 , 51290
-3 , 0 , 2 , 6 , -24 , -3 , -3 , -3 , 51383
-3 , -3 , 2 , 21 , 11 , -1 , -1 , -3 , 51469
-2 , 2 , 4 , 5 , -9 , 0 , -2 , 0 , 51556
0 , 2 , 4 , -16 , -10 , 0 , 1 , -5 , 51669
0 , -6 , -5 , 11 , 0 , -1 , 5 , -4 , 51754
-3 , -1 , 2 , -6 , -12 , -1 , -2 , 4 , 51831
-4 , -4 , -3 , -6 , -11 , -4 , 0 , 2 , 51908
0 , 0 , 4 , -34 , 30 , -2 , -3 , -1 , 51987
3 , 2 , 4 , -14 , -53 , 8 , 0 , 0 , 52073
-14 , -1 , -3 , -10 , -21 , -2 , -2 , 0 , 52164
4 , 5 , -2 , -19 , -6 , 6 , -3 , -1 , 52250
-2 , -1 , 1 , 5 , 4 , -6 , 0 , -5 , 52338
6 , 4 , 0 , -9 , -5 , 0 , -1 , -3 , 52429
-5 , -2 , -4 , -33 , -19 , -3 , -2 , 0 , 52519
3 , -1 , -2 , -4 , 1 , 0 , -1 , -3 , 52606
-5 , -2 , -3 , -38 , -29 , 0 , -3 , -1 , 52701
-5 , -3 , -1 , 28 , 25 , 3 , 0 , -1 , 52801
-7 , -8 , -2 , 10 , 8 , 0 , 0 , 1 , 52916
3 , 2 , 3 , 0 , 7 , 2 , -2 , -2 , 53003
-4 , -2 , 2 , 19 , 12 , 2 , 1 , -1 , 53092
-4 , -6 , -2 , 2 , 5 , -1 , 1 , -5 , 53171
0 , 0 , -2 , -1 , -10 , 0 , 0 , 0 , 53262
0 , -2 , -2 , 1 , -5 , -4 , -3 , -2 , 53347
0 , -2 , -1 , -4 , 2 , 1 , 0 , -1 , 53421
-1 , 0 , 2 , 12 , -13 , -11 , 1 , 1 , 53495
-2 , -1 , 0 , 12 , -1 , -4 , -1 , -5 , 53566
-4 , -4 , -1 , 4 , 7 , -6 , -4 , -4 , 53637
0 , 2 , 0 , -28 , -31 , -4 , -2 , -1 , 53717
-3 , -9 , -13 , 10 , 15 , -1 , -2 , -2 , 53805
-1 , -2 , 4 , -23 , -16 , 6 , 0 , -1 , 53899
-2 , -6 , -7 , 32 , 19 , 1 , -3 , -4 , 54028
1 , -5 , -2 , -4 , -5 , 4 , -2 , -2 , 54147
-2 , -2 , -18 , -16 , -3 , -4 , -3 , -1 , 54232
0 , 1 , 13 , -9 , -22 , -5 , -1 , 0 , 54305
3 , 1 , -1 , -9 , 11 , 24 , 2 , 0 , 54396
-2 , -5 , -2 , 0 , -16 , 1 , -1 , -1 , 54482
2 , 2 , 1 , -4 , 14 , -4 , -17 , 6 , 54572
0 , 2 , 3 , 30 , 9 , -9 , -11 , -34 , 54661
-2 , -4 , -4 , 11 , 51 , 2 , 0 , -1 , 54752
-1 , -8 , -1 , 5 , 11 , -1 , -4 , -9 , 54841
-4 , -3 , -22 , -14 , 6 , 1 , -2 , -6 , 54931
-1 , -1 , -1 , -9 , -34 , 1 , 4 , -11 , 55026
-2 , -1 , -3 , -6 , -11 , 1 , 4 , 7 , 55116
0 , 1 , 10 , 7 , 4 , 0 , 0 , 0 , 55208
1 , 5 , -1 , -4 , -4 , 2 , -1 , -5 , 55303
-13 , -7 , 1 , -12 , -28 , -3 , -6 , -11 , 55383
-5 , 2 , -5 , -11 , -20 , -1 , -5 , -7 , 55464
-6 , -12 , -6 , 2 , 0 , 2 , -2 , -11 , 55556
6 , 4 , 5 , -5 , -19 , -6 , 6 , -3 , 55640
3 , 0 , -4 , 3 , 15 , -12 , -8 , 1 , 55734
-4 , -9 , -4 , -1 , -8 , -4 , -2 , -4 , 55824
0 , 4 , 6 , -1 , -10 , 0 , -1 , 1 , 55908
-4 , -11 , -21 , -15 , -10 , -3 , -1 , 0 , 56004
3 , 5 , 1 , 20 , 14 , -2 , 1 , 1 , 56095
-10 , -22 , -26 , 13 , -15 , 1 , -8 , -8 , 56188
-2 , -6 , -5 , -7 , -1 , -2 , -3 , -7 , 56279
-2 , -2 , -7 , -22 , 2 , 3 , -3 , 0 , 56362
4 , 1 , 3 , -5 , -4 , -1 , -4 , -5 , 56454
0 , -2 , -2 , -7 , 0 , 5 , 0 , -5 , 56542
5 , 16 , 1 , -4 , -13 , 0 , 2 , 0 , 56617
2 , 4 , 0 , -3 , -15 , -6 , 0 , 0 , 56705
18 , 5 , -30 , -27 , -7 , 87 , -80 , 15 , 56796
-7 , 1 , -16 , -5 , 17 , -52 , -69 , -36 , 56879
-7 , -3 , -9 , -13 , -3 , -6 , -17 , -9 , 56969
-7 , -31 , -5 , -6 , -4 , 2 , -1 , -5 , 57060
2 , 23 , 1 , -40 , -19 , 2 , 0 , 3 , 57150
1 , 2 , 0 , 22 , 23 , 3 , 1 , 7 , 57241
-1 , -5 , -11 , -13 , 3 , -1 , -5 , 0 , 57332
-3 , -5 , 0 , 18 , 17 , 5 , 0 , -1 , 57419
-3 , -5 , -6 , -5 , -7 , -1 , -2 , -2 , 57506
-2 , 1 , -3 , 2 , 3 , 1 , -3 , -1 , 57595
2 , 0 , 0 , -1 , -4 , -1 , 0 , 1 , 57677
-1 , 2 , -4 , -18 , -12 , 1 , 0 , -1 , 57759
-2 , -8 , 6 , -1 , -4 , 0 , -1 , -1 , 57836
0 , 3 , -1 , 2 , 1 , 0 , -1 , -1 , 57910
1 , -1 , 5 , -3 , 4 , -1 , 0 , -1 , 57995
0 , 0 , -5 , -6 , -1 , 0 , -2 , -2 , 58085
6 , 2 , 12 , 16 , 8 , -1 , 3 , 3 , 58174
6 , -2 , 3 , -6 , -20 , -6 , 13 , 10 , 58264
70 , 11 , -28 , 1 , -46 , -107 , -19 , 50 , 58355
-9 , -9 , -29 , -11 , 0 , -17 , -35 , -15 , 58444
12 , 3 , -6 , -3 , -20 , -95 , -7 , -1 , 58531
2 , -3 , -7 , -5 , -1 , 0 , 8 , -1 , 58609
-21 , -3 , 0 , -1 , 2 , -1 , -8 , 11 , 58682
4 , 5 , -1 , -50 , -10 , 2 , -22 , 50 , 58807
-1 , 5 , 4 , 3 , -1 , -4 , -3 , -1 , 58892
-4 , -1 , 1 , 1 , 7 , 2 , -2 , -3 , 58974
-1 , -1 , -5 , -2 , -7 , 0 , -1 , -2 , 59066
-1 , -3 , 0 , 12 , 3 , -3 , -1 , 1 , 59158
-2 , -1 , 0 , -22 , -18 , -3 , -3 , -2 , 59242
-1 , 1 , 9 , -24 , -43 , -13 , -2 , -1 , 59331
-2 , -3 , -1 , -6 , -8 , -2 , -2 , -3 , 59407
2 , 1 , 1 , 4 , 11 , -1 , -1 , -1 , 59482
-3 , -2 , -5 , -19 , -20 , 0 , -1 , -1 , 59555
3 , 7 , 12 , 17 , 11 , -6 , -1 , 1 , 59638
-2 , -6 , -13 , 36 , 37 , 3 , -1 , -2 , 59727
0 , -1 , -11 , 16 , 25 , 9 , -2 , -3 , 59828
-1 , -4 , -4 , -11 , -6 , -2 , -3 , -3 , 59928
-2 , -4 , -2 , 3 , 2 , -2 , -2 , -1 , 60040
-1 , 0 , -1 , 5 , 6 , 1 , 0 , 1 , 60133
-1 , -2 , -2 , -20 , -9 , -3 , -2 , -2 , 60214
-1 , -2 , -2 , -1 , 2 , -3 , -1 , -1 , 60296
-1 , -1 , -2 , -17 , 13 , 1 , -2 , 0 , 60387
-2 , -3 , -4 , 1 , 17 , -2 , -1 , 0 , 60499
-1 , 0 , -1 , 3 , -9 , -1 , 1 , 1 , 60598
-1 , -1 , 0 , 1 , 1 , 0 , 0 , -1 , 60702
-1 , -2 , 0 , -3 , 1 , -1 , -2 , -1 , 60803
0 , -1 , -1 , 13 , 29 , 2 , 1 , -1 , 60886
-3 , -1 , -3 , 2 , -4 , 0 , -4 , -2 , 60984
0 , -2 , -1 , 0 , -8 , 2 , 1 , -2 , 61077
-2 , 1 , 0 , -5 , -8 , 1 , -1 , 0 , 61163
-2 , 0 , -3 , -11 , -19 , -2 , -3 , -2 , 61256
0 , 0 , 0 , 26 , 30 , 1 , -2 , -1 , 61343
-2 , -2 , 0 , 4 , 11 , -7 , 0 , -1 , 61428
-1 , -4 , -7 , 4 , 0 , -5 , -1 , -1 , 61528
-2 , -2 , -2 , -6 , -7 , 1 , -2 , 0 , 61620
-3 , -3 , 3 , 4 , 0 , 1 , -1 , -1 , 61713
-2 , -1 , 0 , -10 , -8 , -3 , -3 , -1 , 61807
-1 , 0 , -6 , -3 , -3 , -5 , -1 , -1 , 61886
-1 , -1 , 0 , -2 , -5 , 2 , -1 , -2 , 61969
-2 , 0 , -2 , 3 , 4 , -3 , -2 , -1 , 62063
-2 , -1 , -4 , -6 , -7 , 1 , -1 , 0 , 62156
1 , 1 , 1 , 9 , 14 , -4 , -3 , 0 , 62249
-2 , 1 , 2 , -8 , -12 , -12 , -3 , -2 , 62336
0 , -3 , 5 , 9 , 4 , 5 , 2 , -1 , 62429
-1 , -2 , 0 , 9 , 12 , 0 , -1 , -2 , 62515
1 , 3 , 4 , -4 , -5 , 0 , -1 , 1 , 62595
-1 , 2 , -1 , -4 , 1 , 0 , -2 , 0 , 62684
-1 , 0 , 1 , -8 , -4 , -2 , 0 , 0 , 62777
1 , 0 , 5 , 0 , -5 , 0 , -2 , -1 , 62866
-1 , -1 , 4 , -11 , -7 , -1 , -2 , -2 , 62949
0 , -3 , -5 , 8 , -2 , -1 , 0 , 0 , 63038
-1 , 0 , 3 , 3 , -3 , 0 , 0 , -1 , 63127
1 , 1 , -4 , -14 , -29 , -5 , -1 , 0 , 63216
0 , 0 , -1 , -11 , -6 , -2 , -3 , -3 , 63307
1 , 1 , -1 , 18 , 13 , -18 , -4 , -1 , 63396
2 , 4 , 6 , 15 , 7 , 8 , 1 , 1 , 63485
-2 , -5 , -8 , -13 , -2 , 5 , -1 , -3 , 63592
-4 , -2 , -4 , -2 , 4 , -3 , -1 , -2 , 63693
2 , 2 , 3 , 2 , -1 , -2 , -2 , 0 , 63775
2 , 5 , 5 , 9 , 3 , 1 , 1 , 0 , 63859
0 , -1 , -1 , -2 , -8 , -7 , -1 , -1 , 63937
-3 , -2 , -3 , -4 , 2 , 1 , 0 , -2 , 64013
-2 , -2 , -1 , -6 , -4 , -5 , -1 , -2 , 64088
-1 , -1 , -1 , -9 , -8 , -1 , -1 , 1 , 64168
0 , 0 , 1 , -1 , -7 , 6 , 0 , 0 , 64257
0 , 0 , 4 , 8 , 6 , -2 , -1 , -1 , 64348
0 , -1 , -2 , 24 , 23 , -1 , 0 , 0 , 64440
0 , 2 , -1 , 10 , 3 , 1 , 1 , -1 , 64530
2 , 1 , -3 , -3 , -10 , 0 , 0 , 4 , 64619
7 , 6 , 1 , -11 , -9 , 2 , 0 , 4 , 64703
-6 , -2 , -1 , 0 , 1 , 2 , 0 , -1 , 64834
-4 , -7 , -16 , -13 , -8 , -4 , -4 , -2 , 64934
-1 , 3 , 5 , -2 , 7 , -2 , -2 , -1 , 65034
-1 , -3 , -5 , 10 , 10 , 2 , -2 , -3 , 65103
3 , 5 , 6 , 1 , -3 , 1 , 1 , 0 , 65174
0 , -1 , 1 , 5 , 16 , -3 , -7 , -2 , 65263
-2 , 0 , -4 , -19 , -21 , 0 , 0 , 0 , 65355
0 , 1 , 8 , -2 , 8 , 2 , -2 , 0 , 65441
-1 , -2 , -3 , -5 , -11 , 0 , -1 , -1 , 65535
-2 , -2 , -4 , -18 , 2 , -4 , -3 , -1 , 65624
-1 , 4 , 3 , -11 , -27 , -2 , -2 , -2 , 65712
-1 , -14 , -36 , -16 , -19 , -2 , 6 , 4 , 65803
-5 , 3 , 15 , -3 , -5 , -13 , 0 , 0 , 65883
-1 , -1 , -7 , -3 , -5 , -2 , -3 , -2 , 65974
-1 , 1 , 7 , 10 , 10 , 7 , 0 , -1 , 66062
-1 , -2 , -3 , -4 , -12 , -4 , -1 , 0 , 66143
0 , -3 , -2 , -3 , 4 , -1 , -1 , -2 , 66218
-2 , -6 , -11 , -25 , -15 , -10 , -3 , -3 , 66292
-3 , 1 , 3 , -6 , -6 , -3 , -2 , -2 , 66380
-2 , -2 , -7 , 26 , 3 , 1 , -4 , 1 , 66468
1 , -1 , -11 , -28 , -3 , -3 , -1 , -5 , 66558
0 , -1 , 1 , 15 , 17 , 2 , -2 , 0 , 66649
-8 , -8 , 5 , -2 , -15 , 1 , -4 , -4 , 66739
0 , 1 , -3 , -14 , -19 , 2 , 0 , 1 , 66827
0 , -2 , 27 , -2 , 11 , -7 , -1 , 0 , 66905
-6 , -4 , -6 , -21 , -6 , 0 , -3 , -2 , 67001
0 , 0 , -3 , -11 , 12 , -1 , 3 , -5 , 67090
-4 , -9 , -6 , -30 , -9 , 1 , -1 , -4 , 67181
-9 , -4 , -10 , 8 , -1 , 1 , -3 , -4 , 67274
5 , 4 , 0 , -34 , -42 , -8 , -5 , -1 , 67353
-8 , -19 , -81 , -51 , -11 , -12 , -2 , -6 , 67443
-2 , 1 , -2 , -10 , -8 , -6 , -4 , 0 , 67533
-1 , 3 , 8 , -6 , -15 , -2 , 1 , 1 , 67618
13 , 0 , 6 , 1 , -3 , 1 , 1 , 11 , 67707
5 , -4 , -9 , -1 , -15 , -2 , 3 , 3 , 67798
-11 , -4 , 3 , 39 , 56 , -3 , -8 , -4 , 67885
-1 , -1 , -6 , 19 , 25 , 3 , -4 , -2 , 67979
7 , -1 , 7 , 26 , -1 , -2 , 0 , 6 , 68069
-4 , -5 , -7 , -32 , -2 , -4 , 1 , -1 , 68164
8 , 5 , 2 , 8 , -22 , 1 , 11 , 0 , 68257
2 , 3 , 9 , 6 , -2 , 2 , 2 , -1 , 68352
-2 , 0 , 3 , 17 , 8 , -2 , 3 , -6 , 68439
31 , 37 , 44 , 28 , 57 , 18 , 12 , 8 , 68534
-12 , -1 , -10 , 4 , 2 , 3 , 3 , -13 , 68623
13 , 2 , -1 , -4 , -15 , 1 , -3 , 3 , 68708
-2 , -4 , 0 , 46 , 30 , 2 , -1 , 0 , 68804
2 , 1 , -11 , -29 , -11 , -3 , 2 , 4 , 68890
-4 , 4 , 1 , -2 , -6 , 2 , 8 , 2 , 68980
10 , 1 , -13 , 20 , 38 , 1 , 5 , 6 , 69075
1 , -2 , -7 , -42 , -12 , -5 , -6 , -1 , 69172
21 , 11 , 34 , 10 , -3 , -4 , 5 , 7 , 69263
-14 , -5 , -5 , 50 , 37 , 0 , 4 , -46 , 69353
-28 , 27 , 51 , 13 , 6 , 15 , -6 , -19 , 69446
-11 , -4 , -14 , -16 , -19 , -6 , -1 , -10 , 69534
-4 , -1 , 3 , 32 , 31 , 5 , 0 , -3 , 69610
-7 , -7 , -11 , 18 , 15 , -4 , 0 , 2 , 69702
7 , 8 , 7 , 1 , 0 , -9 , -6 , 0 , 69795
-72 , -80 , -93 , -95 , -56 , -7 , -73 , -84 , 69868
22 , 4 , -17 , 3 , 10 , 9 , 20 , 24 , 69946
-18 , -9 , -18 , 12 , 49 , 1 , 10 , -1 , 70035
10 , 10 , 8 , 1 , 19 , -10 , -45 , -26 , 70131
4 , 6 , 7 , -81 , -65 , -9 , -3 , 10 , 70209
-10 , -4 , -11 , -3 , 0 , -4 , -6 , -8 , 70287
-2 , -1 , -3 , -4 , 15 , -5 , -9 , 4 , 70365
0 , 5 , 14 , 5 , 26 , -4 , -3 , -1 , 70445
76 , 23 , 43 , 12 , 82 , 65 , 48 , 22 , 70539
-7 , 2 , -14 , -8 , 12 , 16 , -1 , 6 , 70631
-3 , -5 , -2 , 14 , 3 , -6 , -47 , -35 , 70725
21 , 0 , -2 , -34 , -47 , -5 , -49 , -54 , 70811
1 , 8 , -7 , -11 , -21 , -17 , 15 , -5 , 70900
2 , 1 , 0 , -58 , -21 , 0 , 0 , 3 , 70989
-2 , -3 , 1 , -9 , -12 , 9 , -4 , 0 , 71071
-2 , -3 , -2 , -15 , -21 , 1 , -6 , -8 , 71165
-1 , -1 , 1 , 36 , 24 , 3 , -5 , 1 , 71257
-2 , -1 , 1 , -11 , 15 , 0 , -1 , 0 , 71350
-3 , -5 , -3 , 14 , -5 , -3 , -6 , -5 , 71440
-1 , -1 , -1 , 10 , 5 , 2 , 0 , 0 , 71536
1 , 2 , 14 , 16 , 62 , 5 , 2 , 23 , 71629
-2 , 1 , 0 , -21 , 32 , 0 , -10 , -11 , 71723
2 , 5 , 11 , -73 , -74 , -29 , -5 , -2 , 71815
-5 , -1 , 11 , -41 , -57 , -25 , 2 , -3 , 71904
-2 , -3 , 11 , 22 , -3 , -3 , -11 , -1 , 71996
-1 , 1 , 6 , 26 , 22 , 0 , 12 , 1 , 72100
-2 , -3 , -1 , 4 , -54 , -5 , -18 , -4 , 72187
9 , 7 , 6 , -88 , -18 , 16 , 15 , 9 , 72268
2 , 2 , 9 , -36 , -57 , -18 , -5 , 1 , 72352
-12 , -6 , 1 , 11 , 22 , 0 , 3 , -9 , 72440
10 , 17 , 3 , -8 , 4 , 7 , -1 , 15 , 72537
-41 , -5 , 0 , 14 , 10 , 5 , 27 , 21 , 72622
-83 , -33 , -1 , -19 , 37 , 0 , -31 , 9 , 72705
22 , 10 , 6 , 7 , -61 , 5 , 0 , 2 , 72800
34 , 29 , -3 , -36 , -23 , -5 , 1 , 25 , 72891
-14 , -11 , -6 , -40 , -28 , -1 , -7 , -7 , 72985
-1 , 9 , 77 , 77 , 63 , 12 , 1 , 2 , 73076
1 , -2 , -12 , -119 , -58 , -8 , 3 , 1 , 73169
-3 , -5 , -14 , 54 , 7 , 1 , -4 , -5 , 73253
0 , -4 , -15 , -49 , -61 , -13 , -1 , 1 , 73345
-6 , -4 , 0 , 26 , -9 , -3 , -6 , -4 , 73432
-6 , -2 , -6 , 30 , -75 , -7 , -8 , -5 , 73506
-2 , -3 , -4 , 55 , 60 , 18 , -7 , 3 , 73585
3 , 0 , 3 , 12 , -35 , 0 , -8 , 9 , 73677
7 , 5 , 9 , -15 , 10 , -5 , 5 , 9 , 73771
7 , 1 , -15 , -43 , 28 , 7 , 11 , 12 , 73855
-4 , -6 , -11 , -25 , -15 , -4 , 0 , -2 , 73944
-1 , 0 , 5 , 4 , -3 , -2 , -2 , 1 , 74040
-2 , -2 , -6 , -8 , -4 , -1 , -1 , -5 , 74131
1 , 1 , 0 , -4 , -11 , 1 , -1 , 0 , 74223
-1 , -2 , -7 , 3 , -3 , 0 , 1 , 2 , 74315
-1 , -1 , -2 , 19 , 14 , 2 , -2 , 0 , 74406
-1 , -3 , -3 , -9 , 5 , -1 , 1 , -2 , 74516
-2 , 3 , 4 , -4 , -9 , -3 , -2 , -2 , 74629
-2 , -2 , -2 , 4 , -2 , -1 , -2 , -3 , 74709
-2 , 0 , -2 , -8 , -26 , -5 , -3 , -4 , 74786
2 , -1 , 1 , 10 , -9 , 2 , 3 , 0 , 74869
